-1;-1;-1;-1;-1;-1;-1;-1;-1;-1;-1;-1;-1;-1;-1;-1;-1;-1;-1;-1;-1;-1;-1;-1;-1
-1;6;-5;1;0;0;0;0;-1;-1;-1;-1;-1;-1;-1;-1;-1;-1;-1;-1;-1;-1;-1;-1;-1
-1;0;0;0;2;1;-2;0;-1;-1;-1;-1;-1;-1;-1;-1;-1;-1;-1;-1;-1;-1;-1;-1;-1
-1;0;-6;1;0;0;0;4;-1;-1;-1;-1;-1;-1;-1;-1;-1;-1;-1;-1;-1;-1;-1;-1;-1
-1;-1;-1;-1;-1;-1;-1;-1;-1;-1;-1;-1;-1;-1;-1;-1;-1;-1;-1;-1;-1;-1;-1;-1;-1
-1;-1;-1;-1;-1;-1;-1;-1;-1;-1;-1;-1;-1;-1;-1;-1;-1;-1;-1;-1;-1;-1;-1;-1;-1
-1;-1;-1;-1;-1;-1;-1;-1;-1;-1;-1;-1;-1;-1;-1;-1;-1;-1;-1;-1;-1;-1;-1;-1;-1
-1;-1;-1;-1;-1;-1;-1;-1;-1;-1;-1;-1;-1;-1;-1;-1;-1;-1;-1;-1;-1;-1;-1;-1;-1
-1;-1;-1;-1;-1;-1;-1;-1;-1;-1;-1;-1;-1;-1;-1;-1;-1;-1;-1;-1;-1;-1;-1;-1;-1
-1;-1;-1;-1;-1;-1;-1;-1;-1;-1;-1;-1;-1;-1;-1;-1;-1;-1;-1;-1;-1;-1;-1;-1;-1
-1;-1;-1;-1;-1;-1;-1;-1;-1;-1;-1;-1;-1;-1;-1;-1;-1;-1;-1;-1;-1;-1;-1;-1;-1
-1;-1;-1;-1;-1;-1;-1;-1;-1;-1;-1;-1;-1;-1;-1;-1;-1;-1;-1;-1;-1;-1;-1;-1;-1
-1;-1;-1;-1;-1;-1;-1;-1;-1;-1;-1;-1;-1;-1;-1;-1;-1;-1;-1;-1;-1;-1;-1;-1;-1
-1;-1;-1;-1;-1;-1;-1;-1;-1;-1;-1;-1;-1;-1;-1;-1;-1;-1;-1;-1;-1;-1;-1;-1;-1

-1;-1;-1;-1;-1;-1;-1;-1;-1;-1;-1;-1;-1;-1;-1;-1;-1;-1;-1;-1;-1;-1;-1;-1;-1
-1;-1;-1;-1;-1;-1;-1;-1;-1;-1;-1;-1;-1;-1;-1;-1;-1;-1;-1;-1;-1;-1;-1;-1;-1
-1;-1;-1;-1;-1;-1;-1;-1;-1;-1;-1;-1;-1;-1;-1;-1;-1;-1;-1;-1;-1;-1;-1;-1;-1
-1;-1;-1;-1;-1;-1;-1;6;1;-1;-1;-1;-1;-1;-1;-1;-1;-1;-1;-1;-1;-1;-1;-1;-1
-1;-1;-1;-1;-1;-1;-1;0;0;-1;-1;-1;-1;-1;-1;-1;-1;-1;-1;-1;-1;-1;-1;-1;-1
-1;-1;-1;-1;-1;-1;-1;1;-3;-1;-1;-1;-1;-1;-1;-1;-1;-1;-1;-1;-1;-1;-1;-1;-1
-1;-1;-1;-1;-1;-1;-1;1;2;-1;-1;-1;-1;-1;-1;-1;-1;-1;-1;-1;-1;-1;-1;-1;-1
-1;-1;-1;-1;-1;-1;-1;4;0;-1;-1;-1;-1;-1;-1;-1;-1;-1;-1;-1;-1;-1;-1;-1;-1
-1;-1;-1;-1;-1;-1;-1;-1;-1;-1;-1;-1;-1;-1;-1;-1;-1;-1;-1;-1;-1;-1;-1;-1;-1
-1;-1;-1;-1;-1;-1;-1;-1;-1;-1;-1;-1;-1;-1;-1;-1;-1;-1;-1;-1;-1;-1;-1;-1;-1
-1;-1;-1;-1;-1;-1;-1;-1;-1;-1;-1;-1;-1;-1;-1;-1;-1;-1;-1;-1;-1;-1;-1;-1;-1
-1;-1;-1;-1;-1;-1;-1;-1;-1;-1;-1;-1;-1;-1;-1;-1;-1;-1;-1;-1;-1;-1;-1;-1;-1
-1;-1;-1;-1;-1;-1;-1;-1;-1;-1;-1;-1;-1;-1;-1;-1;-1;-1;-1;-1;-1;-1;-1;-1;-1
-1;-1;-1;-1;-1;-1;-1;-1;-1;-1;-1;-1;-1;-1;-1;-1;-1;-1;-1;-1;-1;-1;-1;-1;-1

-1;-1;-1;-1;-1;-1;-1;-1;-1;-1;-1;-1;-1;-1;-1;-1;-1;-1;-1;-1;-1;-1;-1;-1;-1
-1;-1;-1;-1;-1;-1;-1;-1;-1;-1;-1;-1;-1;-1;0;0;4;-1;-1;-1;-1;-1;-1;-1;-1
-1;-1;-1;-1;-1;-1;-1;-1;-1;-1;-1;2;0;1;0;1;-7;-1;-1;-1;-1;-1;-1;-1;-1
-1;-1;-1;-1;-1;-1;-1;-1;-1;-1;-1;0;-1;-1;0;0;1;-1;-1;-1;-1;-1;-1;-1;-1
-1;-1;-1;-1;-1;-1;-1;-1;-1;-1;-1;0;-1;-1;-1;0;-1;-1;-1;-1;-1;-1;-1;-1;-1
-1;-1;-1;-1;-1;-1;-1;-1;0;0;1;0;0;-1;-1;0;-1;-1;-1;-1;-1;-1;-1;-1;-1
-1;-1;-1;-1;-1;-1;-1;-1;0;0;1;0;0;-1;-1;0;-1;-1;-1;-1;-1;-1;-1;-1;-1
-1;-1;-1;-1;-1;-1;-1;6;0;1;-6;1;0;0;0;0;-1;-1;-1;-1;-1;-1;-1;-1;-1
-1;-1;-1;-1;-1;-1;-1;-1;0;0;0;0;0;-1;-1;-1;-1;-1;-1;-1;-1;-1;-1;-1;-1
-1;-1;-1;-1;-1;-1;-1;-1;-1;-1;-1;-1;-1;-1;-1;-1;-1;-1;-1;-1;-1;-1;-1;-1;-1
-1;-1;-1;-1;-1;-1;-1;-1;-1;-1;-1;-1;-1;-1;-1;-1;-1;-1;-1;-1;-1;-1;-1;-1;-1
-1;-1;-1;-1;-1;-1;-1;-1;-1;-1;-1;-1;-1;-1;-1;-1;-1;-1;-1;-1;-1;-1;-1;-1;-1
-1;-1;-1;-1;-1;-1;-1;-1;-1;-1;-1;-1;-1;-1;-1;-1;-1;-1;-1;-1;-1;-1;-1;-1;-1
-1;-1;-1;-1;-1;-1;-1;-1;-1;-1;-1;-1;-1;-1;-1;-1;-1;-1;-1;-1;-1;-1;-1;-1;-1

-1;-1;-1;-1;-1;-1;-1;-1;-1;-1;-1;-1;-1;-1;-1;-1;-1;-1;-1;-1;-1;-1;-1;-1;-1
-1;-1;0;0;0;0;0;-3;0;0;0;0;1;0;0;0;6;-1;-1;-1;-1;-1;-1;-1;-1
-1;-1;2;1;1;-1;-1;-1;1;0;0;-1;-1;-1;0;0;0;-1;-1;-1;-1;-1;-1;-1;-1
-1;-1;1;0;0;0;1;0;0;1;0;0;-2;0;0;0;0;-1;-1;-1;-1;-1;-1;-1;-1
-1;-1;0;0;0;-1;-1;-1;0;0;0;-1;-1;-1;0;0;0;-1;-1;-1;-1;-1;-1;-1;-1
-1;-1;4;1;0;0;-4;0;0;0;1;0;0;0;0;0;0;-1;-1;-1;-1;-1;-1;-1;-1
-1;-1;-1;-1;-1;-1;-1;-1;-1;-1;-1;-1;-1;-1;-1;-1;-1;-1;-1;-1;-1;-1;-1;-1;-1
-1;-1;-1;-1;-1;-1;-1;-1;-1;-1;-1;-1;-1;-1;-1;-1;-1;-1;-1;-1;-1;-1;-1;-1;-1
-1;-1;-1;-1;-1;-1;-1;-1;-1;-1;-1;-1;-1;-1;-1;-1;-1;-1;-1;-1;-1;-1;-1;-1;-1
-1;-1;-1;-1;-1;-1;-1;-1;-1;-1;-1;-1;-1;-1;-1;-1;-1;-1;-1;-1;-1;-1;-1;-1;-1
-1;-1;-1;-1;-1;-1;-1;-1;-1;-1;-1;-1;-1;-1;-1;-1;-1;-1;-1;-1;-1;-1;-1;-1;-1
-1;-1;-1;-1;-1;-1;-1;-1;-1;-1;-1;-1;-1;-1;-1;-1;-1;-1;-1;-1;-1;-1;-1;-1;-1
-1;-1;-1;-1;-1;-1;-1;-1;-1;-1;-1;-1;-1;-1;-1;-1;-1;-1;-1;-1;-1;-1;-1;-1;-1
-1;-1;-1;-1;-1;-1;-1;-1;-1;-1;-1;-1;-1;-1;-1;-1;-1;-1;-1;-1;-1;-1;-1;-1;-1

-1;-1;-1;-1;-1;-1;-1;-1;-1;-1;-1;-1;-1;-1;-1;-1;-1;-1;-1;-1;-1;-1;-1;-1;-1;
-1;-1;-1;-1;-1;0;0;0;0;0;0;-1;-1;-1;-1;-1;-1;-1;-1;-1;-1;-1;-1;-1;-1;
-1;-1;-1;-1;-1;0;0;1;0;1;-7;-1;-1;0;0;0;0;0;0-1;-1;-1;-1;-1;-1;
-1;-1;-1;-1;-1;-1;0;-1;1;0;0;-1;-1;-6;1;0;-1;-1;2;-1;-1;-1;-1;-1;-1;
-1;-1;0;0;0;0;0;-1;1;0;0;0;0;0;0;1;-1;-1;1;-1;-1;-1;-1;-1;-1;
-1;-1;6;1;0;-1;-1;-1;-1;-1;-1;-1;-1;-1;-1;-1;-1;0;0;-1;-1;-1;-1;-1;-1;
-1;-1;0;0;0;0;0;0;-1;-1;0;0;0;0;0;0;0;1;0;-1;-1;-1;-1;-1;-1;
-1;-1;-1;-1;-1;-1;-5;1;-1;-1;0;1;0;0;-1;-1;-2;0;4-1;-1;-1;-1;-1;-1;
-1;-1;-1;-1;-1;-1;0;0;0;0;0;0;1;0;-1;-1;-1;-1;-1;-1;-1;-1;-1;-1;-1;
-1;-1;-1;-1;-1;-1;-1;-1;-1;-1;-1;-1;-1;-1;-1;-1;-1;-1;-1;-1;-1;-1;-1;-1;-1;
-1;-1;-1;-1;-1;-1;-1;-1;-1;-1;-1;-1;-1;-1;-1;-1;-1;-1;-1;-1;-1;-1;-1;-1;-1;
-1;-1;-1;-1;-1;-1;-1;-1;-1;-1;-1;-1;-1;-1;-1;-1;-1;-1;-1;-1;-1;-1;-1;-1;-1;
-1;-1;-1;-1;-1;-1;-1;-1;-1;-1;-1;-1;-1;-1;-1;-1;-1;-1;-1;-1;-1;-1;-1;-1;-1;
-1;-1;-1;-1;-1;-1;-1;-1;-1;-1;-1;-1;-1;-1;-1;-1;-1;-1;-1;-1;-1;-1;-1;-1;-1;

-1;-1;-1;-1;-1;-1;-1;-1;-1;-1;-1;-1;-1;-1;-1;-1;-1;-1;-1;-1;-1;-1;-1;-1;-1;
-1;0;0;0;0;1;0;0;0;0;0;0;1;0;0;1;0;0;0;0;0;0;0;0;-1;
-1;0;0;0;0;0;0;0;0;0;1;-2;0;0;0;0;0;0;0;1;0;0;0;0;-1;
-1;0;-4;0;1;0;0;0;0;0;0;0;0;1;0;0;0;0;0;0;1;0;0;0;-1;
-1;0;1;0;0;-6;-1;-1;-1;-1;-1;-1;-1;-1;-1;-1;-1;-1;0;0;0;0;0;0;-1;
-1;0;0;0;0;0;-1;-1;-1;-1;-1;-1;-1;-1;-1;-1;-1;-1;1;1;1;1;0;1;-1;
-1;0;0;0;0;0;-1;-1;-1;-1;-1;-1;-1;-1;-1;-1;-1;-1;0;0;0;0;0;1;-1;
-1;1;0;0;0;0;-1;-1;-1;-1;-1;-1;-1;-1;-1;-1;-1;-1;6;0;1;1;0;0;-1;
-1;0;0;0;1;0;-1;-1;-1;-1;-1;-1;-1;-1;-1;-1;-1;-1;0;0;0;0;1;0;-1;
-1;0;0;0;0;0;-1;-1;-1;-1;-1;-1;-1;-1;-1;-1;-1;-1;1;1;1;0;0;1;-1;
-1;0;0;1;0;0;0;0;0;0;0;0;0;0;0;0;1;0;0;0;1;1;0;1;-1;
-1;0;0;0;0;0;0;-3;1;0;0;0;2;1;1;0;1;0;1;0;0;0;0;1;-1;
-1;0;0;0;0;0;1;0;0;0;0;0;4;0;1;0;0;0;0;1;0;1;0;0;-1;
-1;-1;-1;-1;-1;-1;-1;-1;-1;-1;-1;-1;-1;-1;-1;-1;-1;-1;-1;-1;-1;-1;-1;-1;-1;

-1;-1;-1;-1;-1;-1;-1;-1;-1;-1;-1;-1;-1;-1;-1;-1;-1;-1;-1;-1;-1;-1;-1;-1;-1;
-1;-1;-1;-1;-1;-1;-1;0;4;0;-1;-1;-1;-1;-1;-666;2 ;0;-1;-1;-1;-1;-1;-1;-1;
-1;-1;-1;-1;-1;-1;0;0;1;0;1;-1;-1;-1;0;1;1;0;0;-1;-1;-1;-1;-1;-1;
-1;-1;-1;-1;-1;0;0;1;0;0;1;0;-1;0;1;0;1;0;1;0;-1;-1;-1;-1;-1;
-1;-1;-1;-1;-1;0;0;1;0;1;0;1;0;1;0;0;0;0;0;1;-1;-1;-1;-1;-1;
-1;-1;-1;-1;-1;1;0;1;0;0;0;0;0;0;0;1;0;0;1;0;-1;-1;-1;-1;-1;
-1;-1;-1;-1;-1;-1;0;0;0;1;0;1;0;1;0;0;0;0;0;-1;-1;-1;-1;-1;-1;
-1;-1;-1;-1;-1;-1;-1;0;0;0;0;1;0;0;0;0;1;0;-1;-1;-1;-1;-1;-1;-1;
-1;-1;-1;-1;-1;-1;-1;-1;0;0;0;0;1;1;0;1;0;-1;-1;-1;-1;-1;-1;-1;-1;
-1;-1;-1;-1;-1;-1;-1;-1;-1;1;0;1;0;0;0;1;-1;-1;-1;-1;-1;-1;-1;-1;-1;
-1;-1;-1;-1;-1;-1;-1;-1;-1;-1;1;0;0;1;0;-1;-1;-1;-1;-1;-1;-1;-1;-1;-1;
-1;-1;-1;-1;-1;-1;-1;-1;-1;-1;-1;0;0;1;-1;-1;-1;-1;-1;-1;-1;-1;-1;-1;-1;
-1;-1;-1;-1;-1;-1;-1;-1;-1;-1;-1;-1;6;-1;-1;-1;-1;-1;-1;-1;-1;-1;-1;-1;-1;
-1;-1;-1;-1;-1;-1;-1;-1;-1;-1;-1;-1;-1;-1;-1;-1;-1;-1;-1;-1;-1;-1;-1;-1;-1;

-1;-1;-1;-1;-1;-1;-1;-1;-1;-1;-1;-1;-1;-1;-1;-1;-1;-1;-1;-1;-1;-1;-1;-1;-1;
-1;-1;-1;-1;-1;-1;-1;-1;6;0;0;0;0;0;71;0;2;-1;-1;-1;-1;-1;-1;-1;-1;
-1;-1;-1;-1;-1;-1;-1;-1;-1;-1;51;-1;-1;-1;-1;-1;-1;-1;-1;-1;-1;-1;-1;-1;-1;-1;
-1;-1;-1;-1;-1;-1;-1;-1;-1;-1;0;-1;-1;-1;-1;-1;-1;-1;-1;-1;-1;-1;-1;-1;-1;
-1;-1;-1;-1;-1;-1;-1;-1;-1;-1;4;-1;-1;-1;-1;-1;-1;-1;-1;-1;-1;-1;-1;-1;-1;
-1;-1;-1;-1;-1;-1;-1;-1;-1;-1;-1;-1;-1;-1;-1;-1;-1;-1;-1;-1;-1;-1;-1;-1;-1;
-1;-1;-1;-1;-1;-1;-1;-1;-1;-1;-1;-1;-1;-1;-1;-1;-1;-1;-1;-1;-1;-1;-1;-1;-1;
-1;-1;-1;-1;-1;-1;-1;-1;-1;-1;-1;-1;-1;-1;-1;-1;-1;-1;-1;-1;-1;-1;-1;-1;-1;
-1;-1;-1;-1;-1;-1;-1;-1;-1;-1;-1;-1;-1;-1;-1;-1;-1;-1;-1;-1;-1;-1;-1;-1;-1;
-1;-1;-1;-1;-1;-1;-1;-1;-1;-1;-1;-1;-1;-1;-1;-1;-1;-1;-1;-1;-1;-1;-1;-1;-1;
-1;-1;-1;-1;-1;-1;-1;-1;-1;-1;-1;-1;-1;-1;-1;-1;-1;-1;-1;-1;-1;-1;-1;-1;-1;
-1;-1;-1;-1;-1;-1;-1;-1;-1;-1;-1;-1;-1;-1;-1;-1;-1;-1;-1;-1;-1;-1;-1;-1;-1;
-1;-1;-1;-1;-1;-1;-1;-1;-1;-1;-1;-1;-1;-1;-1;-1;-1;-1;-1;-1;-1;-1;-1;-1;-1;
-1;-1;-1;-1;-1;-1;-1;-1;-1;-1;-1;-1;-1;-1;-1;-1;-1;-1;-1;-1;-1;-1;-1;-1;-1;

-1;-1;-1;-1;-1;-1;-1;-1;-1;-1;-1;-1;-1;-1;-1;-1;-1;-1;-1;-1;-1;-1;-1;-1;-1;
-1;2;72;0;0;1;-1;-1;-1;-1;-1;-1;-1;-1;1;0;0;0;0;-1;-1;-1;-1;-1;-1;
-1;-1;-1;1;0;0;1;-1;-1;-1;-1;-1;0;0;1;4;1;0;1;-1;-1;-1;-1;-1;-1;
-1;-1;-1;-1;-1;0;-4;0;0;-1;0;0;0;0;0;1;-5;0;-1;-1;-1;-1;-1;-1;-1;
-1;-1;-1;-1;-1;1;0;0;0;0;6;-1;-1;-1;0;0;0;-1;-1;-1;-1;-1;-1;-1;-1;
-1;-1;-1;1;0;0;0;1;0;-1;0;0;0;0;1;0;0;-1;-1;-1;-1;-1;-1;-1;-1;
-1;73;73;0;0;-1;-1;-1;-1;-1;-1;-1;1;-2;0;0;1;-3;0;-1;-1;-1;-1;-1;-1;
-1;52;73;-1;-1;-1;-1;-1;-1;-1;-1;-1;-1;-1;-1;0;0;0;53;-1;-1;-1;-1;-1;-1;
-1;-1;-1;-1;-1;-1;-1;-1;-1;-1;-1;-1;-1;-1;-1;-1;-1;-1;-1;-1;-1;-1;-1;-1;-1;
-1;-1;-1;-1;-1;-1;-1;-1;-1;-1;-1;-1;-1;-1;-1;-1;-1;-1;-1;-1;-1;-1;-1;-1;-1;
-1;-1;-1;-1;-1;-1;-1;-1;-1;-1;-1;-1;-1;-1;-1;-1;-1;-1;-1;-1;-1;-1;-1;-1;-1;
-1;-1;-1;-1;-1;-1;-1;-1;-1;-1;-1;-1;-1;-1;-1;-1;-1;-1;-1;-1;-1;-1;-1;-1;-1;
-1;-1;-1;-1;-1;-1;-1;-1;-1;-1;-1;-1;-1;-1;-1;-1;-1;-1;-1;-1;-1;-1;-1;-1;-1;
-1;-1;-1;-1;-1;-1;-1;-1;-1;-1;-1;-1;-1;-1;-1;-1;-1;-1;-1;-1;-1;-1;-1;-1;-1;

-1;-1;-1;-1;-1;-1;-1;-1;-1;-1;-1;-1;-1;-1;-1;-1;-1;-1;-1;-1;-1;-1;-1;-1;-1;
-1;-2;0;0;0;1;1;1;0;0;-6;0;1;0;0;0;71;0;2;-1;-1;-1;-1;-1;-1;
-1;0;1;1;0;0;-7;0;0;1;1;-5;0;0;1;6;71;-2;-3;-1;-1;-1;-1;-1;-1;
-1;0;0;-1;-1;-1;-1;-1;-1;-1;-1;-1;-1;-1;-1;-1;-1;-1;-1;-1;-1;-1;-1;-1;-1;
-1;0;-3;0;0;0;0;0;1;0;0;-4;1;1;0;0;0;-5;1;-1;-1;-1;-1;-1;-1;
-1;1;1;1;1;1;1;0;0;0;1;0;0;0;0;1;1;0;51;-1;-1;-1;-1;-1;-1;
-1;-1;-1;-1;-1;-1;-1;-1;-1;-1;-1;-1;-1;-1;-1;-1;-1;71;71;-1;-1;-1;-1;-1;-1;
-1;4;0;1;0;0;0;1;1;1;1;0;0;0;-7;0;0;1;0;-1;-1;-1;-1;-1;-1;
-1;1;0;-4;0;1;0;0;0;0;0;0;0;1;1;1;0;0;0;-1;-1;-1;-1;-1;-1;
-1;-1;-1;-1;-1;-1;-1;-1;-1;-1;-1;-1;-1;-1;-1;-1;-1;-1;-1;-1;-1;-1;-1;-1;-1;
-1;-1;-1;-1;-1;-1;-1;-1;-1;-1;-1;-1;-1;-1;-1;-1;-1;-1;-1;-1;-1;-1;-1;-1;-1;
-1;-1;-1;-1;-1;-1;-1;-1;-1;-1;-1;-1;-1;-1;-1;-1;-1;-1;-1;-1;-1;-1;-1;-1;-1;
-1;-1;-1;-1;-1;-1;-1;-1;-1;-1;-1;-1;-1;-1;-1;-1;-1;-1;-1;-1;-1;-1;-1;-1;-1;
-1;-1;-1;-1;-1;-1;-1;-1;-1;-1;-1;-1;-1;-1;-1;-1;-1;-1;-1;-1;-1;-1;-1;-1;-1;

-1;-1;-1;-1;-1;-1;-1;-1;-1;-1;-1;-1;-1;-1;-1;-1;-1;-1;-1;-1;-1;-1;-1;-1;-1;
-1;1;23;23;-1;-1;-1;-1;-1;-1;-1;-1;-1;-1;-1;-1;-1;-1;4;-1;-1;-1;-1;-1;-1;
-1;-1;-1;22;-1;-1;-1;-1;-1;-1;-1;-1;-1;-1;-1;-1;-1;-1;22;-1;-1;-1;-1;-1;-1;
-1;-1;-1;22;-1;-1;-1;-1;-1;-1;-1;-1;-1;-1;-1;-1;-1;-1;22;-1;-1;-1;-1;-1;-1;
-1;-1;-1;22;-1;-1;-1;-1;-1;-1;-1;-1;-1;-1;-1;-1;-1;-1;22;-1;-1;-1;-1;-1;-1;
-1;-1;-1;22;-1;-1;-1;-1;-1;-1;-1;-1;-1;-1;-1;-1;-1;-1;22;-1;-1;-1;-1;-1;-1;
-1;-1;-1;22;23;23;2;24;24;24;24;24;24;24;24;24;24;24;22;-1;-1;-1;-1;-1;-1;
-1;6;24;21;-1;-1;0;23;-1;-1;-1;-1;-1;-1;-1;-1;-1;-1;-1;-1;-1;-1;-1;-1;-1;
-1;-1;-1;24;24;24;24;22;-1;-1;-1;-1;-1;-1;-1;-1;-1;-1;-1;-1;-1;-1;-1;-1;-1;
-1;-1;-1;-1;-1;-1;-1;-1;-1;-1;-1;-1;-1;-1;-1;-1;-1;-1;-1;-1;-1;-1;-1;-1;-1;
-1;-1;-1;-1;-1;-1;-1;-1;-1;-1;-1;-1;-1;-1;-1;-1;-1;-1;-1;-1;-1;-1;-1;-1;-1;
-1;-1;-1;-1;-1;-1;-1;-1;-1;-1;-1;-1;-1;-1;-1;-1;-1;-1;-1;-1;-1;-1;-1;-1;-1;
-1;-1;-1;-1;-1;-1;-1;-1;-1;-1;-1;-1;-1;-1;-1;-1;-1;-1;-1;-1;-1;-1;-1;-1;-1;
-1;-1;-1;-1;-1;-1;-1;-1;-1;-1;-1;-1;-1;-1;-1;-1;-1;-1;-1;-1;-1;-1;-1;-1;-1;

-1;-1;-1;-1;-1;-1;-1;-1;-1;-1;-1;-1;-1;-1;-1;-1;-1;-1;-1;-1;-1;-1;-1;-1;-1;
-1;21;23;23;23;23;23;23;23;23;23;23;23;23;23;23;23;23;6;-1;-1;-1;-1;-1;-1;
-1;21;-1;-1;-1;-1;-1;-1;-1;-1;-1;-1;-1;-1;-1;-1;-1;-1;-1;-1;-1;-1;-1;-1;-1;
-1;21;21;23;23;23;23;23;23;23;23;23;23;23;23;23;23;23;23;23;23;23;23;23;-1;
-1;21;21;21;23;23;23;23;23;23;23;23;23;23;23;23;23;23;23;23;23;23;23;22;-1;
-1;21;21;21;21;23;23;23;23;23;23;23;23;23;23;23;23;23;23;23;23;23;22;22;-1;
-1;21;21;21;21;21;23;23;23;23;23;23;23;23;23;23;23;23;23;23;23;22;22;22;-1;
-1;21;21;21;21;21;4;2;23;23;23;23;23;23;23;23;23;23;23;23;22;22;22;22;-1;
-1;21;21;21;21;24;24;24;24;24;24;24;24;24;24;24;24;24;24;22;22;22;22;22;-1;
-1;21;21;21;24;24;24;24;24;24;24;24;24;24;24;24;24;24;24;24;22;22;22;22;-1;
-1;21;21;24;24;24;24;24;24;24;24;24;24;24;24;24;24;24;24;24;24;22;22;22;-1;
-1;21;24;24;24;24;24;24;24;24;24;24;24;24;24;24;24;24;24;24;24;24;22;22;-1;
-1;24;24;24;24;24;24;24;24;24;24;24;24;24;24;24;24;24;24;24;24;24;24;22;-1;
-1;-1;-1;-1;-1;-1;-1;-1;-1;-1;-1;-1;-1;-1;-1;-1;-1;-1;-1;-1;-1;-1;-1;-1;-1;

-1;-1;-1;-1;-1;-1;-1;-1;-1;-1;-1;-1;-1;-1;-1;-1;-1;-1;-1;-1;-1;-1;-1;-1;-1;
-1;21;23;23;23;-1;-1;-1;-1;-1;-1;-1;24;21;24;24;24;24;24;24;24;24;2;4-1;
-1;21;-1;-1;22;-1;-1;-1;-1;-1;-1;-1;22;21;1;-1;-1;-1;-1;-1;-1;-1;-1;-1;-1;
-1;21;-1;-1;22;-1;-1;-1;-1;-1;-1;-1;22;21;1;-1;-1;-1;-1;-1;-1;-1;-1;-1;-1;
-1;21;-1;-1;22;-1;-1;-1;-1;-1;-1;-1;22;21;1;-1;-1;-1;-1;-1;-1;-1;-1;-1;-1;
-1;21;-1;-1;22;-1;-1;-1;-1;-1;-1;-1;22;21;1;-1;-1;-1;-1;-1;-1;-1;-1;-1;-1;
-1;21;-1;-1;22;-1;-1;-1;-1;-1;-1;-1;22;21;1;-1;-1;-1;-1;-1;-1;-1;-1;-1;-1;
-1;21;-1;-1;22;-4;6;-1;-1;-1;-1;-1;22;24;24;21;-1;-1;-1;-1;-1;-1;-1;-1;-1;
-1;21;-1;-1;22;-1;-1;-1;-1;-1;-1;-1;22;1;1;21;-1;-1;-1;-1;-1;-1;-1;-1;-1;
-1;21;-1;-1;22;-1;1;1;1;1;1;1;22;23;23;23;1;1;1;1;1;1;1;1;-1;
-1;21;-1;-1;22;21;23;23;23;23;23;23;23;23;23;23;23;23;23;23;23;23;23;23;-1;
-1;21;-1;-1;22;21;-1;-1;-1;-1;-1;-1;-1;-1;-1;-1;-1;-1;-1;-1;-1;-1;-1;22;-1;
-1;24;24;24;22;24;24;24;24;24;24;24;24;24;24;24;24;24;24;24;24;24;24;22;-1;
-1;-1;-1;-1;-1;-1;-1;-1;-1;-1;-1;-1;-1;-1;-1;-1;-1;-1;-1;-1;-1;-1;-1;-1;-1;

-1;-1;-1;-1;-1;-1;-1;-1;-1;-1;-1;-1;-1;-1;-1;-1;-1;-1;-1;-1;-1;-1;-1;-1;-1;
-1;4;79;24;24;21;24;21;24;21;24;1;21;23;23;23;23;21;23;23;23;23;23;6;-1;
-1;1;22;23;22;24;22;24;22;24;22;1;24;24;24;24;22;21;21;23;23;23;21;21;-1;
-1;24;21;22;-3;23;24;24;24;24;24;24;21;23;23;23;23;-2;23;23;23;23;24;21;-1;
-1;55;21;23;21;22;22;22;21;23;23;24;21;24;24;24;21;21;21;23;23;22;24;21;-1;
-1;22;23;22;23;22;22;22;21;-6;22;24;21;22;21;23;23;21;24;21;22;-4;23;23;-1;
-1;24;24;24;24;24;0;23;23;21;22;23;0;22;24;21;2;21;21;23;21;21;24;21;-1;
-1;22;24;24;24;24;24;24;24;21;1;1;22;23;23;23;1;21;24;24;21;21;22;21;-1;
-1;22;22;23;23;23;23;23;23;21;57;1;22;23;23;23;23;-5;21;23;23;24;22;21;-1;
-1;22;24;24;24;24;24;24;22;24;24;24;24;24;24;24;1;1;21;22;1;1;1;21;-1;
-1;22;22;23;23;23;23;23;23;0;23;23;23;23;23;1;21;23;0;22;1;1;1;21;-1;
-1;-7;1;1;1;1;1;1;1;1;1;1;1;1;22;1;24;21;1;22;23;23;23;59-1;
-1;22;23;23;23;23;23;23;23;23;23;23;23;23;0;23;23;23;22;23;23;23;23;23;-1;
-1;-1;-1;-1;-1;-1;-1;-1;-1;-1;-1;-1;-1;-1;-1;-1;-1;-1;-1;-1;-1;-1;-1;-1;-1;

-1;-1;-1;-1;-1;-1;-1;-1;-1;-1;-1;-1;-1;-1;-1;-1;-1;-1;-1;-1;-1;-1;-1;-1;-1;
-1;6;0;0;1;0;0;0;0;0;0;0;0;0;0;0;0;0;0;0;0;0;1;4;-1;
-1;0;0;22;21;22;21;22;21;22;21;22;21;22;21;22;21;22;21;22;21;22;21;22;-1;
-1;0;0;0;0;1;0;0;0;0;0;0;0;1;0;0;0;0;0;0;0;1;0;0;-1;
-1;0;1;22;21;22;21;22;21;22;21;22;21;22;21;22;21;22;21;22;21;22;21;22;-1;
-1;0;0;1;0;0;0;0;0;1;1;0;0;0;0;0;1;0;0;0;0;0;0;0;-1;
-1;0;1;22;21;22;21;22;21;22;21;22;21;22;21;22;21;22;21;22;21;22;21;22;-1;
-1;1;0;22;21;22;21;22;21;22;21;22;21;22;21;22;21;22;21;22;21;22;21;22;-1;
-1;0;0;0;0;0;0;1;1;0;0;2;1;0;0;0;1;0;0;0;0;0;0;0;-1;
-1;0;1;22;21;22;21;22;21;22;21;22;21;22;21;22;21;22;21;22;21;22;21;22;-1;
-1;0;0;0;0;0;1;0;0;0;0;1;0;0;0;0;0;0;0;0;1;0;0;0;-1;
-1;1;0;22;21;22;21;22;21;22;21;22;21;22;21;22;21;22;21;22;21;22;21;22;-1;
-1;0;0;0;0;0;0;0;0;1;0;0;0;0;0;0;0;1;0;0;0;0;0;0;-1;
-1;-1;-1;-1;-1;-1;-1;-1;-1;-1;-1;-1;-1;-1;-1;-1;-1;-1;-1;-1;-1;-1;-1;-1;-1;

-1;-1;-1;-1;-1;-1;-1;-1;-1;-1;-1;-1;-1;-1;-1;-1;-1;-1;-1;-1;-1;-1;-1;-1;-1;
-1;4;0;0;1;-1;-1;-1;-1;-1;-1;-1;-1;-1;-1;-1;-1;-1;-1;-1;10;0;0;6;-1;
-1;1;0;0;15;-1;-1;-1;-1;-1;-1;-1;-1;-1;-1;-1;-1;-1;-1;-1;0;0;0;0;-1;
-1;-1;-1;-1;-1;-1;-1;-1;-1;-1;-1;-1;-1;-1;-1;-1;-1;-1;-1;-1;-1;-1;-1;-1;-1;
-1;-1;-1;-1;-1;-1;-1;-1;-1;-1;-1;-1;-1;-1;-1;-1;-1;-1;-1;-1;-1;-1;-1;-1;-1;
-1;-1;-1;-1;-1;-1;-1;-1;-1;-1;-1;-1;-1;-1;-1;-1;-1;-1;-1;-1;-1;-1;-1;-1;-1;
-1;-1;-1;-1;-1;-1;-1;-1;-1;-1;-1;-1;-1;-1;-1;-1;-1;-1;-1;-1;-1;-1;-1;-1;-1;
-1;-1;-1;-1;-1;-1;-1;-1;-1;-1;-1;-1;-1;-1;-1;-1;-1;-1;-1;-1;-1;-1;-1;-1;-1;
-1;-1;-1;-1;-1;-1;-1;-1;-1;-1;-1;-1;-1;-1;-1;-1;-1;-1;-1;-1;-1;-1;-1;-1;-1;
-1;-1;-1;-1;-1;-1;-1;-1;-1;-1;-1;-1;-1;-1;-1;-1;-1;-1;-1;-1;-1;-1;-1;-1;-1;
-1;-1;-1;-1;-1;-1;-1;-1;-1;0;0;0;10;-1;-1;-1;-1;-1;-1;-1;-1;-1;-1;-1;-1;
-1;-1;-1;-1;-1;-1;-1;-1;-1;15;2;1;0;-1;-1;-1;-1;-1;-1;-1;-1;-1;-1;-1;-1;
-1;-1;-1;-1;-1;-1;-1;-1;-1;-1;-1;-1;-1;-1;-1;-1;-1;-1;-1;-1;-1;-1;-1;-1;-1;
-1;-1;-1;-1;-1;-1;-1;-1;-1;-1;-1;-1;-1;-1;-1;-1;-1;-1;-1;-1;-1;-1;-1;-1;-1;

-1;-1;-1;-1;-1;-1;-1;-1;-1;-1;-1;-1;-1;-1;-1;-1;-1;-1;-1;-1;-1;-1;-1;-1;-1;
-1;6;0;0;13;-1;-1;-1;-1;-1;-1;-1;-1;-1;-1;-1;-1;-1;-1;0;0;0;0;4;-1;
-1;0;0;1;0;-1;-1;-1;-1;-1;-1;-1;-1;-1;-1;-1;-1;0;1;1;0;0;0;-1;-1;
-1;17;0;1;0;-1;-1;-1;-1;-1;-1;-1;-1;-1;-1;0;0;0;0;0;0;-1;-1;-1;-1;
-1;-1;-1;-1;-1;-1;-1;-1;-1;-1;-1;-1;-1;0;0;0;1;0;-1;-1;-1;-1;-1;-1;-1;
-1;-1;-1;-1;-1;-1;-1;-1;-1;-1;-1;-1;0;0;1;0;0;-1;-1;-1;-1;-1;-1;-1;-1;
-1;-1;-1;-1;-1;-1;-1;-1;-1;-1;0;0;0;1;1;-1;-1;-1;-1;-1;-1;-1;-1;-1;-1;
-1;-1;-1;-1;-1;-1;-1;-1;-1;1;1;0;0;0;-1;-1;-1;-1;-1;-1;-1;-1;-1;-1;-1;
-1;-1;-1;-1;-1;-1;-1;0;0;0;0;0;-1;-1;-1;-1;-1;-1;-1;-1;-1;-1;-1;-1;-1;
-1;-1;-1;-1;-1;1;0;1;0;1;-1;-1;-1;-1;-1;-1;-1;-1;-1;-1;-1;-1;-1;-1;-1;
-1;-1;-1;-1;0;0;0;0;0;-1;-1;-1;-1;-1;-1;-1;-1;-1;-1;-1;13;0;1;0;-1;
-1;-1;0;0;0;0;0;-1;-1;-1;-1;-1;-1;-1;-1;-1;-1;-1;-1;-1;0;0;0;1;-1;
-1;17;0;0;1;0;-1;-1;-1;-1;-1;-1;-1;-1;-1;-1;-1;-1;-1;-1;0;1;0;2;-1;
-1;-1;-1;-1;-1;-1;-1;-1;-1;-1;-1;-1;-1;-1;-1;-1;-1;-1;-1;-1;-1;-1;-1;-1;-1;

-1;-1;-1;-1;-1;-1;-1;-1;-1;-1;-1;-1;-1;-1;-1;-1;-1;-1;-1;-1;-1;-1;-1;-1;-1;
-1;11;0;0;1;51;-1;-1;-1;-1;-3;0;4 ;0;0;-1;-1;-1;-1;0;1;0;1;6 ;-1;
-1;0;1;-7;0;0;-1;-1;-1;-1;1;1;0;1;1;-1;-1;-1;-1;-5;0;0;1;0;-1;
-1;0;1;1;1;0;-1;-1;-1;-1;0;0;0;0;0;-1;-1;-1;-1;0;1;-4;0;0;-1;
-1;52;0;0;0;15;-1;-1;-1;-1;1;1;1;1;0;-1;-1;-1;-1;10;1;0;0;1;-1;
-1;-1;-1;-1;-1;-1;-1;-1;-1;-1;0;0;0;0;0;-1;-1;-1;-1;-1;-1;-1;-1;-1;-1;
-1;-1;-1;-1;-1;-1;-1;-1;-1;-1;1;0;1;1;1;-1;-1;-1;-1;-1;-1;-1;-1;-1;-1;
-1;-1;-1;-1;-1;-1;-1;-1;-1;-1;0;0;0;0;0;-1;-1;-1;-1;-1;-1;-1;-1;-1;-1;
-1;-1;-1;-1;-1;-1;-1;-1;-1;-1;1;1;0;1;1;-1;-1;-1;-1;-1;-1;-1;-1;-1;-1;
-1;24;21;24;21;16;-1;-1;-1;-1;0;0;0;0;0;-1;-1;-1;-1;11;0;1;0;2 ;-1;
-1;22;21;22;24;1;-1;-1;-1;-1;1;0;1;1;1;-1;-1;-1;-1;1;0;81;0;1;-1;
-1;22;21;22;23;23;-1;-1;-1;-1;0;0;0;0;0;-1;-1;-1;-1;0;0;-6;1;1;-1;
-1;15;24;24;24;-2;-1;-1;-1;-1;0;0;16;0;0;-1;-1;-1;-1;1;0;0;0;10;-1;
-1;-1;-1;-1;-1;-1;-1;-1;-1;-1;-1;-1;-1;-1;-1;-1;-1;-1;-1;-1;-1;-1;-1;-1;-1;

-1;-1;-1;-1;-1;-1;-1;-1;-1;-1;-1;-1;-1;-1;-1;-1;-1;-1;-1;-1;-1;-1;-1;-1;-1;
-1;21;23;23;23;23;23;23;23;23;23;23;6 ;-1;-1;-1;-1;-1;-1;-1;-1;-1;-1;-1;-1;
-1;21;11;-1;-1;-1;-1;-1;-1;-1;-1;-1;-1;-1;-1;-1;-1;-1;-1;-1;-1;-1;-1;-1;-1;
-1;0;-1;-1;0;0;0;0;0;1;1;0;0;-2;0;0;0;0;0;1;51;24;0;11;-1;
-1;0;0;24;0;1;1;1;0;0;0;0;1;1;1;1;1;1;0;0;0;24;1;-7;-1;
-1;0;-1;-1;-1;-1;-1;-1;-1;-1;-1;-1;-1;-1;-1;-1;-1;-1;-1;-1;-1;-1;-1;-1;-1;
-1;0;71;24;0;0;1;0;-3;0;1;0;0;0;1;0;0;0;1;0;0;0;0;11;-1;
-1;0;71;24;1;0;0;0;1;0;0;0;1;0;0;0;1;0;0;0;1;1;0;52;-1;
-1;0;-1;-1;-1;-1;-1;-1;-1;-1;-1;-1;-1;-1;-1;-1;-1;-1;-1;-1;-1;-1;-1;-1;-1;
-1;0;72;24;-6;0;0;0;0;1;1;0;-4;0;0;0;0;1;0;0;0;0;-5;11;-1;
-1;0;72;24;1;1;1;1;0;0;0;0;1;1;1;1;0;0;0;1;2 ;-1;-1;-1;-1;
-1;0;-1;-1;-1;-1;-1;-1;-1;-1;-1;-1;-1;-1;-1;-1;-1;-1;-1;-1;-1;-1;-1;11;-1;
-1;0;24;24;24;24;24;24;24;24;24;24;24;24;24;24;24;24;24;24;24;24;24;4 ;-1;
-1;-1;-1;-1;-1;-1;-1;-1;-1;-1;-1;-1;-1;-1;-1;-1;-1;-1;-1;-1;-1;-1;-1;-1;-1;

-1;-1;-1;-1;-1;-1;-1;-1;-1;-1;-1;-1;-1;-1;-1;-1;-1;-1;-1;-1;-1;-1;-1;-1;-1;
-1;-1;-1;-1;-1;-1;-1;-1;-1;-1;-1;-1;-1;-1;-1;-1;-1;-1;-1;-1;-1;-1;-1;-1;-1;
-1;-1;-1;-1;-1;-1;-1;-1;-1;-1;-1;-1;-1;-1;-1;-1;-1;-1;-1;-1;-1;-1;-1;-1;-1;
-1;-1;-1;-1;-1;-1;-1;-1;-1;-1;-1;-1;-1;-1;-1;-1;-1;-1;-1;-1;-1;-1;-1;-1;-1;
-1;-1;-1;-1;-1;-1;-1;-1;-1;-1;-1;-1;-1;-1;-1;-1;-1;-1;-1;-1;-1;-1;-1;-1;-1;
-1;-1;-1;-1;-1;-1;-1;-1;-1;-1;-1;-1;-1;-1;-1;-1;-1;-1;-1;-1;-1;-1;-1;-1;-1;
-1;-1;-1;-1;-1;-1;-1;-1;-1;-1;-1;-1;-1;-1;-1;-1;-1;-1;-1;-1;-1;-1;-1;-1;-1;
-1;-1;-1;-1;-1;-1;-1;-1;-1;-1;-1;-1;-1;-1;-1;-1;-1;-1;-1;-1;-1;-1;-1;-1;-1;
-1;-1;-1;-1;-1;-1;-1;-1;-1;-1;-1;-1;-1;-1;-1;-1;-1;-1;-1;-1;-1;-1;-1;-1;-1;
-1;-1;-1;-1;-1;-1;-1;-1;-1;-1;-1;-1;-1;-1;0;0;0;0;0;33;31;0;0;0;-1;
-1;-1;-1;-1;-1;-1;-1;-1;-1;-1;-1;-1;-1;-1;0;-1;0;-1;-1;-1;0;-1;-1;0;-1;
-1;-1;-1;-1;-1;-1;-1;-1;-1;-1;-1;-1;-1;-1;0;-1;2;-1;-1;-1;0;-1;-1;0;-1;
-1;-1;-1;-1;-1;-1;-1;-1;-1;-1;-1;-1;-1;-1;0;4;35;0;0;0;0;-1;-1;6;-1;
-1;-1;-1;-1;-1;-1;-1;-1;-1;-1;-1;-1;-1;-1;-1;-1;-1;-1;-1;-1;-1;-1;-1;-1;-1;

-1;-1;-1;-1;-1;-1;-1;-1;-1;-1;-1;-1;-1;-1;-1;-1;-1;-1;-1;-1;-1;-1;-1;-1;-1;
-1;-1;-1;-1;-1;-1;-1;-1;-1;-1;-1;-1;-1;-1;-1;-1;-1;-1;-1;-1;-1;-1;-1;-1;-1;
-1;-1;-1;-1;-1;-1;-1;-1;-1;0;24;-2;31;24;2;-1;-1;-1;-1;-1;-1;-1;-1;-1;-1;
-1;-1;-1;-1;-1;-1;-1;-1;0;1;0;1;1;1;33;1;1;-1;-1;-1;-1;-1;-1;-1;-1;
-1;-1;-1;-1;-1;-1;-1;0;0;0;0;35;35;35;0;0;0;33;-1;-1;-1;-1;-1;-1;-1;
-1;-1;-1;-1;-1;-1;1;-3;1;-1;-1;0;0;0;-1;-1;1;-4;0;-1;-1;-1;-1;-1;-1;
-1;-1;-1;-1;-1;-1;0;0;1;-1;-1;0;4;0;-1;-1;0;0;0;-1;-1;-1;-1;-1;-1;
-1;-1;-1;-1;-1;-1;-1;0;-6;1;0;33;33;33;0;0;-7;1;-1;-1;-1;-1;-1;-1;-1;
-1;-1;-1;-1;-1;-1;-1;-1;0;0;0;0;0;0;0;1;1;-1;-1;-1;-1;-1;-1;-1;-1;
-1;-1;-1;-1;-1;-1;-1;-1;-1;1;-1;0;-1;0;-1;0;-1;-1;-1;-1;-1;-1;-1;-1;-1;
-1;-1;-1;-1;-1;-1;-1;-1;-1;-5;-1;0;-1;1;-1;0;-1;-1;-1;-1;-1;-1;-1;-1;-1;
-1;-1;-1;-1;-1;-1;-1;-1;-1;0;-1;0;-1;0;-1;0;-1;-1;-1;-1;-1;-1;-1;-1;-1;
-1;-1;-1;-1;-1;-1;-1;-1;-1;0;0;0;0;0;0;6;-1;-1;-1;-1;-1;-1;-1;-1;-1;
-1;-1;-1;-1;-1;-1;-1;-1;-1;-1;-1;-1;-1;-1;-1;-1;-1;-1;-1;-1;-1;-1;-1;-1;-1;

-1;-1;-1;-1;-1;-1;-1;-1;-1;-1;-1;-1;-1;-1;-1;-1;-1;-1;-1;-1;-1;-1;-1;-1;-1;
-1;-1;-1;-1;-1;-1;-1;0;1;-1;-1;-1;-1;-1;-1;-1;12;0;-1;-1;-1;-1;-1;-1;-1;
-1;-1;-1;-1;-1;-1;1;0;0;0;-1;-1;-1;-1;-1;1;1;0;1;-1;-1;-1;-1;-1;-1;
-1;-1;-1;-1;-1;-2;1;0;1;0;0;-1;-1;-1;0;22;22;22;22;0;-1;-1;-1;-1;-1;
-1;-1;-1;-1;0;0;0;0;1;1;0;0;-1;0;0;0;0;0;0;1;12;-1;-1;-1;-1;
-1;-1;-1;0;0;1;-1;-1;-1;-1;-1;0;0;35;-1;-1;-1;-1;-1;1;0;0;-1;-1;-1;
-1;-1;31;0;1;-1;-1;-1;-1;-1;-1;0;6;0;-1;-1;-1;-1;-1;-1;1;0;4;-1;-1;
-1;-1;-1;1;0;2;-1;-1;-1;-1;-1;33;0;0;-1;-1;-1;-1;-1;1;31;1;-1-1;-1;
-1;-1;-1;-1;0;0;1;1;0;0;0;0;-1;0;0;0;0;0;0;1;11;-1;-1;-1;-1;
-1;-1;-1;-1;-1;0;0;0;0;1;0;-1;-1;-1;0;0;1;1;1;0;-1;-1;-1;-1;-1;
-1;-1;-1;-1;-1;-1;0;1;0;1;-1;-1;-1;-1;-1;0;0;1;-3;-1;-1;-1;-1;-1;-1;
-1;-1;-1;-1;-1;-1;-1;0;0;-1;-1;-1;-1;-1;-1;-1;0;11;-1;-1;-1;-1;-1;-1;-1;
-1;-1;-1;-1;-1;-1;-1;-1;-1;-1;-1;-1;-1;-1;-1;-1;-1;-1;-1;-1;-1;-1;-1;-1;-1;
-1;-1;-1;-1;-1;-1;-1;-1;-1;-1;-1;-1;-1;-1;-1;-1;-1;-1;-1;-1;-1;-1;-1;-1;-1;

-1;-1;-1;-1;-1;-1;-1;-1;-1;-1;-1;-1;-1;-1;-1;-1;-1;-1;-1;-1;-1;-1;-1;-1;-1;
-1;0;0;0;0;0;33;31;35;0;0;0;35;31;33;0;0;0;37;31;35;0;0;0;-1;
-1;0;1;1;1;0;-1;-1;-1;0;0;0;-1;-1;-1;0;0;0;-1;-1;-1;1;0;0;-1;
-1;0;0;0;0;0;37;31;35;0;0;0;37;31;33;0;0;0;37;31;35;0;0;0;-1;
-1;1;0;0;1;1;-1;-1;-1;-1;-1;-1;-1;-1;-1;0;0;0;-1;-1;-1;0;1;0;-1;
-1;35;35;35;35;35;37;31;35;0;0;0;35;31;33;0;0;0;33;31;35;0;0;0;-1;
-1;4;0;1;1;1;-1;-1;-1;0;0;0;-1;-1;-1;-1;-1;-1;-1;-1;-1;1;0;6;-1;
-1;0;0;0;0;0;37;31;35;0;0;0;37;31;33;0;0;0;37;31;35;0;0;0;-1;
-1;1;0;0;1;1;-1;-1;-1;-1;-1;-1;-1;-1;-1;0;0;0;-1;-1;-1;0;0;1;-1;
-1;0;0;0;0;0;37;31;35;0;0;0;35;31;33;0;0;0;33;31;35;0;0;0;-1;
-1;0;1;1;1;0;-1;-1;-1;0;0;0;-1;-1;-1;0;0;0;-1;-1;-1;0;1;0;-1;
-1;0;0;0;0;0;33;31;35;0;0;0;37;31;33;0;0;0;37;31;35;0;0;2;-1;
-1;-1;-1;-1;-1;-1;-1;-1;-1;-1;-1;-1;-1;-1;-1;-1;-1;-1;-1;-1;-1;-1;-1;-1;-1;
-1;-1;-1;-1;-1;-1;-1;-1;-1;-1;-1;-1;-1;-1;-1;-1;-1;-1;-1;-1;-1;-1;-1;-1;-1;

-1;-1;-1;-1;-1;-1;-1;-1;-1;-1;-1;-1;-1;-1;-1;-1;-1;-1;-1;-1;-1;-1;-1;-1;-1;
-1;-1;-1;-1;-1;-1;-1;-1;-1;-1;-1;-1;-1;-1;-1;-1;-1;-1;-1;-1;-1;-1;-1;-1;-1;
-1;-1;-1;-1;-1;-1;-1;-1;-1;-1;-1;-1;-1;-1;-1;-1;-1;-1;-1;-1;-1;-1;-1;-1;-1;
-1;-1;-1;-1;-1;-1;-1;-1;-1;-1;-1;-1;-1;-1;-1;-1;-1;-1;-1;-1;-1;-1;-1;-1;-1;
-1;0;0;0;0;0;1;0;0;0;0;0;1;0;0;0;1;0;0;1;0;0;1;0;-1;
-1;0;0;1;0;0;1;0;0;1;0;0;1;0;1;0;1;0;0;0;0;0;1;0;-1;
-1;6;0;1;0;0;1;0;0;1;0;0;1;2;1;0;1;0;0;1;0;0;0;4;-1;
-1;0;0;1;0;0;1;0;0;1;0;0;1;0;1;0;1;0;0;1;0;0;1;0;-1;
-1;0;0;1;0;0;0;0;0;1;0;0;0;0;1;0;0;0;0;1;0;0;1;0;-1;
-1;-1;-1;-1;-1;-1;-1;-1;-1;-1;-1;-1;-1;-1;-1;-1;-1;-1;-1;-1;-1;-1;-1;-1;-1;
-1;-1;-1;-1;-1;-1;-1;-1;-1;-1;-1;-1;-1;-1;-1;-1;-1;-1;-1;-1;-1;-1;-1;-1;-1;
-1;-1;-1;-1;-1;-1;-1;-1;-1;-1;-1;-1;-1;-1;-1;-1;-1;-1;-1;-1;-1;-1;-1;-1;-1;
-1;-1;-1;-1;-1;-1;-1;-1;-1;-1;-1;-1;-1;-1;-1;-1;-1;-1;-1;-1;-1;-1;-1;-1;-1;
42;-1;-1;-1;-1;-1;-1;-1;-1;-1;-1;-1;-1;-1;-1;-1;-1;-1;-1;-1;-1;-1;-1;-1;-1;

41;-1;-1;-1;-1;-1;-1;-1;-1;-1;-1;-1;-1;-1;-1;-1;-1;-1;-1;-1;-1;-1;-1;-1;44;
-1;-1;-1;-1;-1;-1;-1;-1;-1;-1;-1;-1;-1;-1;-1;-1;-1;-1;-1;-1;-1;-1;-1;-1;-1;
-1;-1;-1;-1;-1;-1;-1;-1;-1;-1;-1;-1;-1;-1;-1;-1;-1;-1;-1;-1;-1;-1;-1;-1;-1;
-1;-1;-1;-1;-1;0;0;0;0;0;0;0;0;0;0;0;0;0;0;0;0;0;0;0;-1;
-1;-1;-1;-1;-1;0;0;0;0;0;0;0;1;2;1;0;0;0;0;0;0;0;0;0;-1;
-1;-1;-1;-1;-1;0;0;-1;-1;-1;-1;-1;-1;-1;-1;-1;-1;-1;-1;-1;-1;-1;-1;0;-1;
-1;-1;-1;-1;-1;0;0;1;0;0;0;0;0;0;4;-1;-1;-1;-1;-1;-1;-1;-1;6;-1;
-1;-1;-1;-1;-1;0;0;0;0;0;0;1;0;0;-1;-1;-1;-1;-1;-1;-1;-1;-1;-1;-1;
-1;-1;-1;-1;-1;-1;-1;-1;-1;-1;-1;-1;-1;-1;-1;-1;-1;-1;-1;-1;-1;-1;-1;-1;-1;
-1;-1;-1;-1;-1;-1;-1;-1;-1;-1;-1;-1;-1;-1;-1;-1;-1;-1;-1;-1;-1;-1;-1;-1;-1;
-1;-1;-1;-1;-1;-1;-1;-1;-1;-1;-1;-1;-1;-1;-1;-1;-1;-1;-1;-1;-1;-1;-1;-1;-1;
-1;-1;-1;-1;-1;-1;-1;-1;-1;-1;-1;-1;-1;-1;-1;-1;-1;-1;-1;-1;-1;-1;-1;-1;-1;
-1;-1;-1;-1;-1;-1;-1;-1;-1;-1;-1;-1;-1;-1;-1;-1;-1;-1;-1;-1;-1;-1;-1;-1;-1;
42;-1;-1;-1;-1;-1;-1;-1;-1;-1;-1;-1;-1;-1;-1;-1;-1;-1;-1;-1;-1;-1;-1;-1;43;

-1;-1;-1;-1;-1;-1;-1;-1;-1;-1;-1;-1;-1;-1;-1;-1;-1;-1;-1;-1;-1;-1;-1;-1;-1;
-1;52;0;0;0;0;0;0;0;31;33;33;33;33;0;0;0;33;0;0;0;33;2;33;-1;
-1;33;33;33;33;33;33;33;33;0;0;0;0;0;0;33;33;33;0;33;0;33;1;33;-1;
-1;1;1;1;1;1;1;1;33;33;33;33;33;33;0;33;0;0;0;33;1;33;0;33;-1;
-1;1;0;0;1;0;0;1;1;33;1;1;31;33;0;33;31;1;0;33;0;0;0;33;-1;
-1;1;1;0;0;1;0;1;0;33;33;33;33;33;0;33;33;33;33;33;0;33;0;33;-1;
-1;1;0;1;0;0;1;0;0;0;0;0;0;0;6;0;0;0;0;0;0;1;0;31;-1;
-1;1;33;33;33;33;33;33;33;33;33;33;33;33;1;33;33;33;1;33;33;33;33;1;-1;
-1;11;1;0;1;0;1;0;1;0;1;0;1;0;0;0;0;33;0;33;1;1;1;51;-1;
-1;0;1;0;1;0;0;0;1;0;1;0;1;0;0;33;33;33;1;33;33;33;33;33;-1;
-1;71;1;0;0;0;1;0;1;0;1;0;1;0;0;33;0;1;0;0;0;0;1;33;-1;
-1;72;1;0;1;0;1;0;1;0;0;0;1;0;0;33;1;0;0;0;1;0;0;33;-1;
-1;4;1;11;1;0;1;0;0;0;1;0;0;0;1;33;33;33;33;33;33;33;33;33;-1;
-1;-1;-1;-1;-1;-1;-1;-1;-1;-1;-1;-1;-1;-1;-1;-1;-1;-1;-1;-1;-1;-1;-1;-1;-1;

-1;-1;-1;-1;-1;-1;-1;-1;-1;-1;-1;-1;-1;-1;-1;-1;-1;-1;-1;-1;-1;-1;-1;-1;-1;
-1;-1;-1;-1;-1;-1;-1;-1;-1;-1;-1;-1;-1;-1;-1;-1;-1;-1;-1;-1;-1;-1;-1;-1;-1;
-1;-1;-1;-1;-1;-1;-1;-1;-1;-1;-1;-1;-1;-1;-1;-1;-1;-1;-1;-1;-1;-1;-1;-1;-1;
-1;-1;-1;-1;-1;-1;-1;-1;-1;-1;4;0;0;0;0;-1;-1;-1;-1;-1;-1;-1;-1;-1;-1;
-1;-1;-1;-1;-1;-1;-1;-1;0;0;0;0;0;0;0;0;0;-1;-1;-1;-1;-1;-1;-1;-1;
-1;-1;-1;-1;-1;-1;-1;0;1;0;0;0;0;1;0;0;0;0;-1;-1;-1;-1;-1;-1;-1;
-1;-1;-1;-1;-1;-1;-1;0;0;1;0;0;1;0;0;0;0;0;-1;-1;-1;-1;-1;-1;-1;
-1;-1;-1;-1;-1;-1;33;33;33;33;0;0;2;0;0;35;35;35;35;-1;-1;-1;-1;-1;-1;
-1;-1;-1;-1;-1;-1;0;0;0;33;0;0;1;0;0;35;10;0;0;-1;-1;-1;-1;-1;-1;
-1;-1;-1;-1;-1;-1;10;0;0;33;0;0;0;0;0;35;0;0;15;-1;-1;-1;-1;-1;-1;
-1;-1;0;31;0;0;-1;-1;-1;-1;-1;-1;-1;-1;-1;-1;-1;-1;-1;15;0;0;0;-1;-1;
-1;0;1;0;0;0;-1;-1;-1;-1;-1;-1;-1;-1;-1;-1;-1;-1;-1;35;0;0;0;0;-1;
-1;6;0;1;0;0;0;33;0;0;0;0;0;1;0;0;0;0;1;0;0;35;0;0;-1;
-1;-1;0;0;0;0;0;33;0;0;0;0;0;0;0;1;0;0;0;0;0;0;0;-1;-1;

-1;-1;-1;-1;-1;-1;-1;-1;-1;-1;-1;-1;-1;-1;-1;-1;-1;-1;-1;-1;-1;-1;-1;-1;44;
-1;-1;-1;-1;-1;-1;-1;-1;-1;-1;1;0;2;1;0;0;-1;-1;-1;-1;-1;-1;-1;-1;-1;
-1;-1;-1;-1;-1;-1;-1;-1;0;1;0;0;1;-1;-1;0;0;-1;-1;-1;-1;-1;-1;-1;-1;
-1;-1;-1;-1;-1;-1;-1;17;0;0;6;0;-1;-1;0;0;0;0;-1;-1;-1;-1;-1;-1;-1;
-1;-1;-1;-1;-1;-1;-1;0;0;0;0;0;-1;-1;0;0;0;0;0;-1;-1;-1;-1;-1;-1;
-1;-1;-1;-1;-1;-1;0;0;0;0;0;0;1;0;0;0;0;0;1;0;-1;-1;-1;-1;-1;
-1;-1;-1;-1;-1;-1;0;0;0;0;0;1;0;0;0;0;17;0;0;0;-1;-1;-1;-1;-1;
-1;-1;-1;-1;-1;-1;0;1;0;0;0;0;-1;-1;0;0;0;0;0;0;-1;-1;-1;-1;-1;
-1;-1;-1;-1;-1;-1;0;0;1;0;0;0;-1;-1;0;0;1;0;0;0;-1;-1;-1;-1;-1;
-1;-1;-1;-1;-1;-1;1;0;-1;0;0;1;0;0;0;1;-1;-1;35;0;-1;-1;-1;-1;-1;
-1;-1;-1;-1;-1;-1;-1;0;-1;-1;-1;0;0;1;0;0;-1;-1;0;-1;-1;-1;-1;-1;-1;
-1;-1;-1;-1;-1;-1;-1;31;0;-1;-1;0;35;0;0;-1;-1;33;0;-1;-1;-1;-1;-1;-1;
-1;-1;-1;-1;-1;-1;-1;-1;35;0;0;0;0;0;35;0;33;4;-1;-1;-1;-1;-1;-1;-1;
-1;-1;-1;-1;-1;-1;-1;-1;-1;-1;0;0;0;0;0;0;-1;-1;-1;-1;-1;-1;-1;-1;43;

-1;-1;-1;-1;-1;-1;-1;-1;-1;-1;-1;-1;-1;-1;-1;-1;-1;-1;-1;-1;-1;-1;-1;-1;44;
-1;-1;-1;-1;-1;-1;-1;-1;-1;-1;-1;-1;10;-1;-1;-1;-1;-1;-1;-1;-1;-1;-1;-1;-1;
-1;-1;-1;-1;-1;-1;-1;-1;-1;-1;-1;1;0;1;-1;-1;-1;-1;-1;-1;-1;-1;-1;-1;-1;
-1;-1;-1;-1;-1;-1;-1;-1;-1;-1;31;0;1;0;0;-1;-1;-1;-1;-1;-1;-1;-1;-1;-1;
-1;-1;-1;-1;-1;-1;-1;-1;-1;0;0;0;18;0;0;0;-1;-1;-1;-1;-1;-1;-1;-1;-1;
-1;-1;-1;-1;-1;-1;-1;-1;1;0;1;0;0;0;1;0;33;-1;-1;-1;-1;-1;-1;-1;-1;
-1;-1;-1;-1;-1;-1;-1;17;0;1;0;0;1;0;0;33;0;12;-1;-1;-1;-1;-1;-1;-1;
-1;-1;-1;-1;-1;-1;18;-1;-1;-1;-1;-1;-1;-1;-1;-1;-1;-1;10;-1;-1;-1;-1;-1;-1;
-1;-1;-1;-1;-1;35;0;35;-1;-1;-1;-1;-1;-1;-1;-1;-1;0;0;0;-1;-1;-1;-1;-1;
-1;-1;-1;-1;0;0;35;0;0;-1;-1;-1;-1;-1;-1;-1;0;0;1;0;0;-1;-1;-1;-1;
-1;-1;-1;1;0;0;0;0;1;0;-1;-1;-1;-1;-1;2;1;0;0;0;1;0;-1;-1;-1;
-1;-1;0;0;1;0;0;0;0;0;0;-1;-1;-1;31;0;0;0;0;1;0;0;0;-1;-1;
-1;4;71;0;0;0;1;0;0;0;0;51;-1;17;0;0;1;6;0;0;0;0;0;12;-1;
-1;-1;-1;-1;-1;-1;-1;-1;-1;-1;-1;-1;-1;-1;-1;-1;-1;-1;-1;-1;-1;-1;-1;-1;43;

-1;-1;-1;-1;-1;-1;-1;-1;-1;-1;-1;-1;-1;-1;-1;-1;-1;-1;-1;-1;-1;-1;-1;-1;-1;
-1;4;0;1;0;0;-1;-1;-1;-1;-1;-1;-1;-1;-1;-1;-1;-1;-1;-1;-1;-1;-1;-1;-1;
-1;-1;0;0;0;0;1;1;1;-1;-1;-1;-1;-1;-1;-1;-1;-1;-1;-1;-1;-1;-1;-1;-1;
-1;-1;-1;-1;-1;0;0;0;0;0;0;0;-1;-1;-1;-1;-1;-1;-1;-1;-1;-1;-1;-1;-1;
-1;-1;-1;-1;-1;-1;-1;-1;0;0;1;0;0;0;1;-1;-1;-1;-1;-1;-1;-1;-1;-1;-1;
-1;-1;-1;-1;-1;-1;-1;-1;-1;-1;-1;1;0;0;0;0;0;0;-1;-1;-1;-1;-1;-1;-1;
-1;-1;-1;-1;-1;-1;-1;-1;-1;-1;-1;-1;-1;-1;0;0;1;0;0;0;1;2;33;-1;-1;
-1;-1;-1;-1;-1;-1;-1;-1;-1;-1;-1;-1;-1;-1;0;0;0;0;0;35;31;31;33;-1;-1;
-1;-1;-1;-1;-1;-1;-1;-1;-1;-1;-1;0;0;0;1;0;0;0;0;0;1;-1;-1;-1;-1;
-1;-1;-1;-1;-1;-1;-1;-1;0;0;0;0;0;1;0;0;1;0;-1;-1;-1;-1;-1;-1;-1;
-1;-1;-1;-1;-1;0;0;1;0;0;0;1;0;0;0;-1;-1;-1;-1;-1;-1;-1;-1;-1;-1;
-1;-1;0;0;0;0;0;0;0;1;0;0;-1;-1;-1;-1;-1;-1;-1;-1;-1;-1;-1;-1;-1;
-1;6;0;0;0;1;0;0;0;0;-1;-1;-1;-1;-1;-1;-1;-1;-1;-1;-1;-1;-1;-1;-1;
-1;-1;-1;-1;-1;-1;-1;-1;-1;-1;-1;-1;-1;-1;-1;-1;-1;-1;-1;-1;-1;-1;-1;-1;43;

-1;-1;-1;-1;-1;-1;-1;-1;-1;-1;-1;-1;-1;-1;-1;-1;-1;-1;-1;-1;-1;-1;-1;-1;44;
-1;6;0;23;0;0;0;0;0;0;1;0;-1;0;0;33;33;0;0;0;15;1;0;10;-1;
-1;0;0;23;21;0;21;0;1;0;1;0;-1;0;1;0;1;35;1;0;1;1;0;0;-1;
-1;0;0;0;0;24;23;0;1;0;0;10;-1;11;0;0;0;0;1;0;0;0;0;0;-1;
-1;-1;-1;-1;-1;-1;-1;-1;-1;-1;-1;-1;-1;-1;-1;-1;-1;-1;-1;-1;-1;-1;-1;-1;-1;
-1;33;2;1;0;0;16;1;0;1;0;51;-1;0;0;0;0;0;0;0;0;0;0;0;-1;
-1;0;1;0;0;1;1;0;1;0;0;0;-1;0;0;0;1;1;0;1;1;0;0;1;-1;
-1;0;0;0;1;0;0;0;1;0;0;1;-1;33;1;0;0;0;23;23;23;23;23;1;-1;
-1;11;1;0;0;0;1;0;0;0;37;2;-1;15;1;1;1;0;1;0;0;0;0;52;-1;
-1;-1;-1;-1;-1;-1;-1;-1;-1;-1;-1;-1;-1;-1;-1;-1;-1;33;-1;-1;-1;-1;-1;-1;-1;
-1;0;0;1;0;0;0;0;0;0;1;0;-1;16;35;35;0;0;35;35;35;35;35;35;-1;
-1;0;0;0;0;1;0;1;0;0;0;0;-1;0;0;0;0;1;1;0;0;0;1;35;-1;
-1;4;71;1;0;0;0;1;0;1;1;0;23;72;1;1;0;0;0;0;1;0;0;31;-1;
42;-1;-1;-1;-1;-1;-1;-1;-1;-1;-1;-1;-1;-1;-1;-1;-1;-1;-1;-1;-1;-1;-1;-1;-1;

-1;-1;-1;-1;-1;-1;-1;-1;-1;-1;-1;-1;-1;-1;-1;-1;-1;-1;-1;-1;-1;-1;-1;-1;-1;
-1;-1;-1;-1;-1;-1;-1;-1;-1;-1;-1;-1;-1;-1;-1;-1;-1;-1;-1;-1;-1;-1;-1;-1;-1;
-1;-1;-1;-1;-1;-1;-1;-1;-1;-1;-1;-1;-1;-1;-1;-1;-1;-1;-1;-1;-1;-1;-1;-1;-1;
-1;-1;-1;-1;-1;-1;-1;-1;-1;-1;-1;-1;-1;-1;-1;-1;-1;-1;-1;-1;-1;-1;-1;-1;-1;
-1;-1;-1;-1;-1;-1;-1;-1;-1;-1;-1;-1;-1;-1;-1;-1;-1;-1;-1;-1;-1;-1;-1;-1;-1;
-1;-1;-1;-1;-1;-1;-1;-1;-1;-1;-1;-1;-1;-1;-1;-1;-1;-1;-1;-1;-1;-1;-1;-1;-1;
-1;-1;-1;-1;-1;-1;-1;-1;-1;-1;-1;-1;-1;-1;-1;-1;-1;-1;-1;-1;-1;-1;-1;-1;-1;
-1;-1;-1;-1;-1;-1;-1;-1;-1;-1;-1;-1;-1;-1;-1;-1;-1;-1;-1;-1;-1;-1;-1;-1;-1;
-1;-1;-1;-1;-1;-1;-1;-1;-1;-1;-1;-1;-1;-1;-1;-1;-1;-1;-1;-1;-1;-1;-1;-1;-1;
-1;-1;-1;-1;-1;-1;-1;-1;-1;-1;-1;-1;-1;-1;-1;-1;-1;-1;-1;-1;-1;-1;-1;-1;-1;
-1;38;38;38;38;4;38;38;-1;-1;-1;-1;-1;-1;-1;-1;-1;-1;-1;-1;-1;-1;-1;-1;-1;
-1;38;-1;-1;2;-1;-1;38;-1;-1;-1;-1;-1;-1;-1;-1;-1;-1;-1;-1;-1;-1;-1;-1;-1;
-1;6;-1;-1;38;38;38;38;-1;-1;-1;-1;-1;-1;-1;-1;-1;-1;-1;-1;-1;-1;-1;-1;-1;
-1;-1;-1;-1;-1;-1;-1;-1;-1;-1;-1;-1;-1;-1;-1;-1;-1;-1;-1;-1;-1;-1;-1;-1;-1;